crms <- list(nodes=c("Mac1_gene", "Id2", "Egr2", "Cebpb", "Cebpa_gene", "Csf1r", "Spi11", "Spi12", "Runx1", "Gfi1", "Ikzf1", "Flt3", "Mef2c", "Ets1", "Il7", "E2a_gene", "Foxo1_gene", "Ebf1_gene", "Pax5_gene", "Cd19_gene", "Csf1"),
		## Browse genecards.org       ##
		isTF=list(
			Mac1_gene=FALSE, 
			Gfi1=TRUE,
			Egr2=TRUE, 
			Spi1=TRUE,
			Spi12=TRUE,
			Id2=TRUE,
			Cebpb=TRUE,
			Cebpa_gene=TRUE,	
			Csf1r=FALSE,
			Runx1=TRUE,
			Ikzf1=TRUE, 
			Flt3=FALSE, 
			Mef2c=TRUE,
			Ets1=TRUE,
			Il7=TRUE,	
			E2a_gene=TRUE,
			Foxo1_gene=TRUE,
			Ebf1_gene=TRUE, 
			Pax5_gene=TRUE, 
			Cd19_gene=FALSE,
			Csf1=FALSE
			),
			crms=list(
				Mac1_gene=list("CM07024162"), 
				Gfi1=list("CM05020166", "CM05020167"),
				Egr2=list("CM10012847", "CM10012848", "CM10012850"), 
				Spi11=list("CM15019435"),
				Spi12=list("CM15019435"),
				Id2=list("CM12004700", "CM12004701", "CM12004702"),
				Cebpb=list("CM02038440"),
				Cebpa_gene=list("CM07005327"),	
				Csf1r=list("CM18013129"),
				Runx1=list("CM16019077", "CM16019121", "CM16019122", "CM16019123"),
				Ikzf1=list("CM11001391", "CM11001392", "CM11001393"), 
				Flt3=list("CM05029465", "CM05029466"), 
				Mef2c=list("CM13016542", "CM13016543", "CM13016544", "CM13016553"),
				Ets1=list("CM09005608", "CM09005636", "CM09005638"),
				Il7=list("CM15001293"),	
				E2a_gene=list("CM10015460", "CM10015456", "CM10015455"),
				Foxo1_gene=list("CM03009529"),
				Ebf1_gene=list("CM11009346", "CM11009348", "CM11009361", "CM11009362", "CM11009363", "CM11009372", "CM11009373", "CM11009374", "CM11009375", "CM11009429", "CM11009430", "CM11009431", "CM11009482", "CM11009483", "CM11009484", "CM11009506"), 
				Pax5_gene=list("CM04008155"), 
				Cd19_gene=list("CM07023775"),
				Csf1=list("CM03020953")
			),
			tfs=list(
				Mac1_gene=list(CM07024162=NULL), 
				Gfi1=list(CM05020166=NULL, CM05020167=list("Ets1", "Cebpb", "Cebpa_gene", "Mef2c", "Ebf1_gene")),
				Egr2=list(CM10012847=NULL, CM10012848=list("Mef2c", "Foxo1_gene"), CM10012850=list("Gfi1", "Cebpa_gene", "Cebpb")), 
				Spi11=list(CM15019435=list("Ets1", "Spi11", "Spi12")),
				Spi12=list(CM15019435=list("Ets1", "Spi11", "Spi12")),
				Id2=list(CM12004700=list("Gfi1", "Foxo1_gene", "Cebpa_gene", "Cebpb", "Ikzf1", "Spi11", "Spi12", "Mef2c", "Runx1"), CM12004701=NULL, CM12004702=NULL),
				Cebpb=list(CM02038440=list("Ikzf1", "Cebpa_gene", "Cebpb")),
				Cebpa_gene=list(CM07005327=NULL),	
				Csf1r=list(CM18013129=list("Foxo1_gene")),
				Runx1=list(CM16019077=list("Foxo1_gene", "Ikzf1", "Spi11", "Spi12"), CM16019121=list("Foxo1_gene"), CM16019122=list("Spi11", "Spi12"), CM16019123=list("Foxo1_gene", "Cebpa_gene", "Cebpb", "Spi11", "Spi12")),
				Ikzf1=list(CM11001391=NULL, CM11001393=list("Spi11", "Spi12", "Cebpa_gene", "Cebpb", "Ikzf1"), CM11001392=list("Spi11", "Spi12", "Cebpb", "Cebpa_gene", "Ikzf1")), 
				Flt3=list(CM05029465=NULL, CM05029466=NULL), 
				Mef2c=list(CM13016542=list("Spi11", "Spi12", "Mef2c", "Foxo1_gene"), CM13016543=list("Spi11", "Spi12", "Ets1", "Cebpa_gene", "Cebpb"), CM13016544=list("Mef2c"), CM13016553=list("Mef2c", "Spi11", "Spi12", "Ets1", "Foxo1_gene", "Gfi1")),
				Ets1=list(CM09005608=NULL, CM09005636=NULL, CM09005638=list("Foxo1_gene")),
				Il7=list(CM15001293=list("Ets1")),	
				E2a_gene=list(CM10015460=NULL, CM10015456=NULL, CM10015455=list("Ets1")),
				Foxo1_gene=list(CM03009529=list("Foxo", "Ebf1_gene")),
				Ebf1_gene=list(CM11009346=list("Gfi1", "Spi11", "Spi12"), CM11009348=list("Ebf1_gene", "Mef2c", "Spi11", "Spi12", "Cebpa_gene", "Cebpb", "Foxo1_gene"), CM11009361=NULL, CM11009362=list("Mef2c"), CM11009363=list("Foxo1_gene"), CM11009372=list("Ets1"), CM11009373=list("Foxo1_gene"), CM11009374=list("Gfi1"), CM11009375=list("Mef2c", "Foxo1_gene", "Ets1", "Spi11", "Spi12", "Cebpa_gene", "Cebpb"), CM11009429=list("Mef2c", "Foxo1_gene", "Runx1", "Gfi1"), CM11009430=list("Foxo1_gene", "Ikzf1", "Mef2c", "Spi11", "Spi12"), CM11009431=list("Gfi1", "Foxo1_gene", "Mef2c"), CM11009482=list("Spi11", "Spi12", "Cebpa_gene", "Cebpa_gene", "Runx1", "Ets1", "Foxo1_gene"), CM11009483=NULL, CM11009484=list("Gfi1"), CM11009506=list("Foxo1_gene", "Ikzf1", "Cebpa_gene", "Cebpb", "Ets1")), 
				Pax5_gene=list(CM04008155=list("Spi11", "Spi12", "Foxo1_gene", "Runx1")), 
				Cd19_gene=list(CM07023775=list("Spi11", "Spi12")),
				Csf1=list(CM03020953=list("Ikzf1"))
			)
		)
